offsetX: -0.00940084841568023
offsetY: -0.1882138550281525